variant_id,stop_id
805593,1603
805593,1497
816779,1603
816779,1497
816779,2818
819257,1497
819257,2818
819411,1603
819411,1497
821775,1497
821775,2818
830103,1603
830103,1497
830103,2818
833110,148
833110,1705
835832,3902
836332,1603
836332,1497
836332,2818
836332,5310
836332,1868
836372,1497
836372,2818
836372,5310
836372,1868
836424,4898
836424,1547
836424,3524
836425,3523
836425,1548
836425,4899
836539,4423
836539,3671
836539,3065
836539,1082
836707,3523
836707,3902
836800,480
836800,2035
836800,350
836801,3807
836801,349
836801,1215
836801,481
836804,1215
836804,481
836805,480
836805,2035
836805,350
836805,2010
836806,480
836806,2035
836806,350
837132,2356
837132,5180
837132,1595
837132,2033
837132,1750
837177,3902
837254,1531
837273,1897
837273,2032
837273,4250
837273,2817
837280,1897
837280,2032
837280,4250
837280,2817
837302,1407
837302,1532
837303,1531
837303,1408
837375,526
837375,538
837375,3272
837513,480
837513,347
837513,2666
837513,4401
837513,2010
837522,526
837522,538
837541,3421
837541,2275
837642,3421
837642,2275
837646,5297
837646,1142
837692,575
837692,595
837693,575
837693,555
837693,4892
837695,575
837698,596
837698,1034
837698,1701
837698,575
837698,555
837698,4892
837772,526
837772,538
837802,2276
837802,3415
837876,576
837876,567
837877,582
837877,568
837877,575
837877,4892
838118,494
838219,2818
838219,5310
838219,1868
838351,480
838351,347
838351,2666
838351,4401
838351,2010
838351,864
838645,3421
838645,728
838645,3244
838645,3720
838645,3656
838645,3669
838645,1702
838645,3706
838645,3709
838645,1081
838645,3672
838645,4422
838669,3421
838669,728
838669,3244
838669,3656
838669,3668
838669,1979
838669,3669
838669,3706
838829,4898
838829,1547
838829,3524
839126,3908
839156,148
839156,1705
839160,148
839160,1705
839161,148
839161,1705
839307,1704
839307,149
839310,1704
839310,149
839310,912
839328,3641
839328,3027
839328,4659
839328,2254
839377,603
839377,1061
839377,554
839872,3421
839872,728
839872,3720
839872,4596
839872,3668
839872,1979
839872,3669
839872,3706
839881,4570
839881,5296
839971,539
839971,527
839972,3272
839972,539
839972,527
839988,403
839988,3256
840121,1398
840121,1541
840121,1579
840121,1583
840334,3421
840334,2305
840334,2871
840334,3652
840334,3646
840334,3645
840334,3722
840356,1901
840356,604
840356,708
840356,711
840356,3420
840376,1901
840376,604
840376,708
840376,711
840376,3420
840376,2488
840527,153
840527,148
840527,1705
840528,153
840528,148
840528,1705
840659,5297
840659,4571
840659,869
840668,539
840668,527
840737,4571
840737,869
840737,5123
840737,3517
840738,5296
840753,480
840753,347
840753,2666
840753,4401
840753,2010
840760,568
840793,3412
840793,1306
840793,2863
840793,3900
840793,2527
840803,212
840803,1306
840803,281
840841,603
840841,1061
840841,2880
840896,1408
840982,3908
840983,3902
841004,3908
841062,3421
841062,728
841062,3244
841062,3720
841071,3370
841071,3272
841071,539
841071,4664
841071,838
841161,3889
841161,2251
841162,1015
841162,3888
841162,1705
841165,1704
841165,895
841166,992
841166,1705
841169,148
841170,153
841170,148
841186,1015
841186,3888
841187,148
841202,1704
841202,3889
841202,2251
841202,895
841205,992
841226,3977
841226,992
841226,1705
841411,596
841411,575
841411,555
841458,1542
841458,1418
841458,2031
841481,1407
841568,1542
841568,3523
841568,1548
841568,4899
841784,2011
841784,4827
841784,4389
841784,2665
841784,348
841784,481
841784,509
841791,2341
841791,375
841791,4413
841794,4429
841794,4464
841794,4457
841794,3410
841797,2528
841797,2036
841797,353
841797,4284
841797,4286
841798,812
841798,3861
841798,4458
841798,4115
841798,4709
841798,4481
841798,4678
841798,4461
841798,4746
841800,812
841800,3861
841800,4458
841800,4115
841800,4709
841800,4481
841800,4678
841800,4461
841800,4746
841800,4711
841801,4747
841801,4462
841801,4678
841801,4480
841801,4710
841801,4114
841801,4457
841801,3410
841812,812
841812,3861
841812,4458
841812,4463
841812,4707
841812,4744
841812,4493
841812,4497
841813,4496
841813,4490
841813,4745
841813,4429
841813,4464
841813,4457
841813,3410
841818,3758
841818,1149
841818,4634
841818,4478
841818,4707
841818,4744
841832,992
841832,1015
841832,3888
841832,1705
841833,992
841833,1015
841833,3888
841833,1705
841838,1704
841838,895
841841,3977
841841,992
841841,1015
841841,3888
841841,1705
841853,4423
841853,3671
841853,3065
841853,1082
841853,3710
841853,3707
841853,1703
841853,3670
841853,3683
841853,3720
841853,727
841853,3415
841867,3419
841867,2279
841867,4591
841867,3599
841867,3597
841867,3604
841867,3616
841900,3707
841900,1703
841900,3670
841900,3683
841900,3720
841900,727
841900,3415
841903,3720
841903,3245
841903,727
841903,3415
841917,3598
841917,4590
841917,2506
841917,3421
841917,2305
841917,2871
841917,3652
841917,3646
841917,3036
841917,1979
841917,3669
841917,1702
841917,3706
841917,3588
841917,3666
841917,3722
841918,3667
841918,3707
841918,1703
841918,3668
841918,1731
841918,3037
841918,3647
841918,3653
841918,2899
841918,2274
841918,3419
841918,4591
841918,3599
841921,3667
841921,3707
841921,1703
841921,3668
841921,1731
841921,3037
841921,3647
841921,3653
841921,2899
841921,2274
841921,3415
841922,3598
841922,4590
841922,2506
841922,3415
841923,3419
841923,4591
841923,3599
841924,3721
841924,3644
841924,3036
841924,1731
841924,3037
841924,3647
841924,3653
841924,2899
841924,2274
841924,3415
841925,3721
841925,3644
841925,3036
841925,1731
841925,3037
841925,3647
841925,3653
841925,2899
841925,2274
841925,3419
841925,4591
841925,3599
841926,3598
841926,4590
841926,2506
841926,3421
841926,2305
841926,2871
841926,3652
841926,3646
841926,3036
841926,1731
841926,3037
841926,3645
841926,3722
842013,4747
842013,4429
842013,4479
842013,5455
842013,1865
842013,5274
842022,1497
842022,2818
842022,5310
842022,2031
842047,2818
842047,5310
842047,2031
842056,1531
842101,1249
842101,27
842119,1901
842119,604
842119,708
842119,711
842119,3422
842120,3884
842120,3415
842120,2828
842120,707
842120,603
842120,1900
842120,4892
842122,5274
842122,1759
842122,211
842122,240
842155,891
842155,3547
842155,5288
842155,271
842155,2863
842156,284
842156,2861
842156,1149
842156,1865
842156,5274
842156,1759
842156,1251
842157,5297
842157,4571
842157,3517
842190,3899
842190,1819
842190,2815
842190,317
842190,281
842190,3934
842200,2274
842200,3415
842200,2828
842200,603
842200,4892
842200,1330
842200,2815
842249,2342
842249,2861
842249,1149
842262,5296
842262,271
842262,281
842263,2342
842282,1901
842305,3422
842316,212
842316,3547
842316,5288
842320,5274
842320,1759
842320,211
842320,240
842325,5274
842325,1759
842325,1142
842361,304
842361,2531
842361,5167
842361,5155
842362,3901
842388,812
842388,403
842422,3890
842422,480
842422,2527
842428,3901
842428,281
842446,3899
842446,604
842446,708
842446,711
842446,3421
842446,2305
842446,2871
842450,284
842450,2861
842450,1149
842450,5297
842457,2899
842457,55
842457,5440
842457,2274
842457,2304
842457,3415
842457,2828
842457,707
842509,509
842509,3526
842509,546
842509,613
842509,3895
842527,3514
842527,396
842529,864
842529,3901
842532,1215
842532,481
842540,1215
842540,481
842547,3422
842548,2899
842548,3422
842579,1233
842579,5459
842579,509
842584,575
842584,977
842584,2028
842584,1330
842584,3517
842584,5459
842584,927
842584,3581
842587,5459
842587,927
842588,927
842619,2935
842619,2506
842619,3422
842619,2013
842619,761
842622,2935
842622,2506
842622,3422
842622,2013
842634,1680
842634,4250
842634,2817
842634,1496
842634,1604
842637,1497
842637,1531
842637,1408
842637,1542
842637,1579
842637,1583
842649,3523
842649,1548
842649,4899
842665,1496
842665,1604
842682,1582
842682,1578
842682,1544
842682,1407
842682,1532
842683,1582
842683,1578
842683,1544
842686,1531
842686,1408
842686,1542
842686,1579
842686,1583
842720,4423
842720,3671
842720,3065
842720,1082
842720,3707
842720,3668
842720,1979
842720,3670
842720,4597
842720,3720
842720,727
842720,3415
842722,576
842722,567
842722,4536
842722,2113
842722,4255
842722,3641
842722,4254
842724,4566
842724,4256
842724,2113
842724,4553
842724,568
842724,575
842768,1901
842768,604
842768,708
842768,711
842768,3420
842769,1901
842769,604
842769,708
842769,711
842769,3420
842769,2488
842907,1582
842907,1578
842907,1544
842907,1407
842907,1532
842990,5288
842990,1791
842990,4634
842990,4478
842990,4707
842990,4467
842991,4492
842991,4429
842991,4479
842991,5455
842991,1865
842991,5274
842995,4387
842995,180
842995,5476
842996,4387
842996,180
842996,5476
842997,180
842997,5476
842998,5288
842998,1791
842998,4634
842998,4478
842998,4465
842998,4746
843000,4747
843000,4429
843000,4479
843000,5455
843000,1865
843000,5274
843001,4429
843001,4479
843001,5455
843001,1865
843001,5274
843023,757
843023,3415
843023,2828
843023,707
843023,603
843023,1900
843023,4892
843039,3221
843039,180
843039,5297
843039,4571
843039,869
843045,3802
843045,5297
843045,3517
843045,508
843045,5457
843045,480
843045,2035
843046,3802
843046,5297
843046,3517
843046,508
843060,3218
843060,5424
843082,5288
843082,271
843082,2863
843082,3518
843082,5456
843083,1149
843083,5274
843084,2861
843084,5439
843084,1149
843084,5274
843085,2861
843085,1149
843085,5274
843086,1759
843086,116
843087,1759
843087,116
843087,5424
843097,5424
843097,5154
843097,240
843097,1330
843097,3517
843097,508
843110,115
843111,115
843111,3136
843128,116
843128,5424
843133,116
843133,5424
843134,5297
843136,5296
843141,1759
843141,1142
843161,2899
843161,55
843161,5440
843161,2274
843161,2304
843161,3415
843161,2828
843161,707
843161,603
843161,4892
843161,1330
843161,3517
843161,508
843161,5456
843161,3514
843161,2861
843161,1149
843161,5274
843209,4254
843209,4566
843209,4256
843209,2113
843209,4553
843209,568
843209,575
843281,4894
843281,4570
843281,5296
843282,5297
843282,4571
843282,869
843282,4626
843300,3134
843303,5296
843304,5297
843329,760
843329,757
843329,1230
843329,2711
843329,3419
843329,2375
843332,812
843332,3861
843332,4458
843332,4115
843332,4459
843332,4746
843333,5475
843333,179
843338,5475
843338,179
843338,4387
843338,4490
843359,3596
843359,3598
843359,4590
843359,2506
843359,3415
843361,3933
843361,2863
843361,316
843361,5487
843361,613
843361,3895
843362,378
843362,864
843362,327
843362,5487
843362,546
843362,4893
843362,1901
843362,604
843362,711
843362,3421
843362,2305
843365,3933
843365,2863
843365,316
843365,5487
843365,613
843365,3895
843371,2506
843371,3422
843371,2013
843371,761
843372,2506
843372,3422
843372,2013
843402,1759
843402,1142
843402,5154
843402,5162
843402,1176
843402,1178
843402,1248
843402,708
843402,711
843402,3421
843402,2305
843402,728
843407,5288
843407,271
843407,2863
843407,3518
843407,5456
843407,509
843407,3526
843407,5388
843407,546
843407,4893
843407,604
843407,708
843407,711
843407,3421
843407,2273
843407,2305
843407,5440
843407,2871
843410,16
843410,198
843410,3547
843410,5297
843410,1151
843410,494
843410,3518
843410,5456
843410,509
843410,3526
843410,546
843410,613
843410,3895
843413,378
843414,2342
843421,5167
843421,5155
843421,115
843424,4571
843424,869
843424,5123
843424,3517
843430,5296
843430,271
843430,281
843430,3782
843430,378
843449,3890
843449,304
843449,2855
843450,3890
843450,304
843451,1151
843451,305
843451,3891
843451,5432
843452,3412
843452,3547
843452,5297
843452,1151
843452,305
843452,3891
843452,5432
843454,1151
843454,305
843454,3891
843455,1151
843455,305
843455,3891
843456,1151
843456,305
843456,3891
843458,3901
843458,304
843458,2531
843458,5167
843458,5155
843482,5424
843482,5154
843482,240
843483,16
843483,198
843483,3547
843483,5297
843483,1151
843483,494
843483,3518
843483,5456
843484,16
843484,198
843484,3547
843484,5297
843484,1151
843484,494
843484,3518
843485,3514
843485,1154
843485,5296
843485,1759
843485,15
843487,480
843487,2035
843490,1151
843490,494
843490,2815
843490,3518
843604,1704
843604,149
843620,1704
843620,3889
843620,2251
843620,895
843693,2274
843693,3415
843693,2828
843693,707
843693,613
843693,4652
843693,638
843693,700
843708,1160
843708,824
843708,651
843708,3517
843708,508
843708,5460
843708,3514
843708,3901
843712,4652
843713,3895
843714,3899
843714,1819
843714,2815
843714,317
843714,281
843714,3934
843715,2815
843715,3891
843715,396
843715,2342
843716,603
843716,4892
843716,1330
843716,2815
843716,3891
843716,396
843716,2342
843717,2274
843717,3415
843717,2828
843719,1188
843719,711
843719,3421
843719,2305
843720,1188
843720,711
843720,3421
843720,2305
843726,638
843733,1248
843733,711
843733,3420
843735,757
843735,3415
843735,2828
843735,613
843746,639
843746,3899
843749,613
843760,642
843760,636
843760,1312
843760,1176
843760,4893
843760,1901
843760,604
843760,605
843760,708
843760,711
843760,3421
843764,1819
843765,582
843765,568
843765,575
843765,613
843772,4652
843774,1160
843774,639
843774,3899
843774,1892
843774,604
843774,934
843774,567
843778,1160
843778,639
843778,3899
843778,1892
843778,604
843778,934
843778,2117
843778,568
843779,1160
843779,639
843779,3899
843779,1892
843779,604
843779,934
843779,2117
843779,567
843788,1160
843789,568
843789,1189
843789,935
843789,707
843789,613
843789,4652
843789,637
843789,644
843790,568
843790,1189
843790,935
843790,707
843790,613
843790,4652
843790,637
843790,644
843808,708
843808,711
843808,3422
843809,603
843809,1900
843809,4892
843820,2274
843820,3415
843820,2828
843820,707
843820,613
843821,1759
843821,1142
843821,5154
843821,5162
843821,1176
843821,1178
843821,613
843825,1248
843825,708
843825,711
843825,3421
843825,2305
843825,728
843826,638
843831,2274
843831,3415
843831,2828
843831,707
843831,613
843831,4652
843831,638
843832,647
843832,637
843833,639
843833,3899
843833,1248
843833,708
843833,711
843833,3421
843833,2305
843834,638
843834,700
843835,604
843835,708
843835,711
843835,3420
843836,604
843836,708
843836,711
843836,3420
843836,2488
843837,757
843837,3415
843837,2828
843837,707
843837,602
843837,613
843838,1901
843838,602
843839,603
843839,1900
843839,4892
843840,639
843840,3899
843855,707
843859,638
843864,4895
843865,553
843868,4895
843868,554
843869,553
843869,4892
843871,603
843873,1901
843874,2899
843874,51
843874,2274
843874,3415
843874,2828
843874,707
843876,604
843876,708
843876,711
843876,3421
843876,2305
843876,2871
843882,935
843882,707
843882,611
843887,509
843887,3526
843887,841
843887,2029
843887,1313
843887,637
843892,4652
843892,637
843893,509
843893,3526
843893,546
843893,613
843893,637
843895,3526
843895,546
843895,613
843895,637
843918,553
843918,4892
843920,509
843920,3526
843920,547
843921,1160
843921,824
843921,651
843921,3517
843921,508
843921,5460
843921,3514
843921,3769
843921,3901
843931,5459
843931,509
843931,3526
843931,547
843932,707
843932,613
843946,596
843946,575
843946,555
843946,4892
843946,613
843947,1819
843949,2342
843949,1963
843949,3182
843949,2861
843949,1149
843949,5297
843949,1142
843949,824
843950,2342
843950,1963
843950,3182
843950,2861
843950,1149
843950,5297
843950,1142
843950,824
843950,4562
843954,666
843954,5296
843954,271
843954,281
843954,403
843954,378
843971,1408
843971,1542
843971,3523
843971,1548
843971,4899
843973,1407
843977,1408
844011,895
844011,3976
844011,3972
844020,3976
844020,3972
844022,1200
844022,3662
844022,5382
844022,4528
844022,3596
844022,3598
844022,4590
844022,2506
844022,3415
844022,2828
844022,707
844022,1819
844024,3616
844024,3603
844024,3596
844024,3598
844024,4590
844024,2506
844024,3415
844024,2828
844024,707
844024,1819
844030,1081
844030,1202
844030,3634
844030,3615
844030,749
844030,3665
844030,5382
844030,4528
844030,3596
844030,3598
844030,4590
844030,2506
844030,3415
844030,2828
844030,707
844030,1819
844031,1081
844031,1202
844031,3634
844031,3615
844031,749
844031,3665
844031,5382
844031,4528
844031,3596
844031,3598
844031,4590
844031,2506
844031,3415
844031,2828
844031,707
844035,1200
844035,3662
844035,5382
844035,4528
844035,3596
844035,3598
844035,4590
844035,2506
844035,3415
844035,2828
844035,707
844056,3420
844056,2782
844056,4566
844056,2246
844056,4536
844056,2115
844058,3420
844058,2782
844058,4566
844059,3420
844059,2782
844059,3641
844059,4254
844060,3420
844060,2782
844060,3641
844060,3621
844060,1092
844061,3420
844061,2782
844061,3641
844074,637
844074,5108
844074,680
844074,5341
844078,4700
844078,3537
844078,638
844078,4646
844078,46
844084,637
844084,5108
844084,680
844084,5341
844084,5354
844084,4954
844107,637
844156,2342
844156,1963
844156,3182
844156,2861
844156,1149
844156,5297
844156,1142
844156,824
844196,3812
844196,4400
844196,2665
844196,4280
844196,1934
844196,4278
844197,3812
844197,4400
844197,2665
844197,4280
844197,1934
844197,4278
844199,2011
844199,3812
844199,4400
844199,348
844199,1215
844199,481
844209,5154
844209,5160
844209,240
844209,30
844209,305
844209,3900
844209,3835
844212,3835
844215,3835
844227,33
844227,4663
844227,538
844235,1704
844235,3889
844235,2251
844235,895
844235,3976
844235,3972
844263,1541
844342,1542
844350,4898
844350,1547
844357,1125
844357,3762
844357,114
844357,5154
844357,952
844361,1125
844361,3762
844361,114
844381,1704
844381,72
844381,1125
844381,4804
844381,114
844382,115
844382,4803
844382,981
844382,2482
844382,73
844382,1705
844383,1704
844387,115
844387,4803
844387,981
844387,2482
844387,73
844387,1705
844388,115
844388,4803
844388,981
844388,2482
844388,73
844388,1705
844389,115
844389,4803
844389,981
844389,2482
844389,73
844390,981
844390,2482
844390,73
844390,1705
844391,981
844391,2482
844391,73
844392,73
844396,1015
844396,3888
844402,1704
844402,2477
844402,4248
844414,1015
844414,1705
844414,4201
844430,1125
844430,3762
844430,114
844430,5154
844430,5160
844430,4748
844438,3421
844438,2273
844438,2305
844438,5440
844438,2871
844442,3134
844455,1704
844455,895
844455,3870
844456,1704
844456,3889
844456,2251
844456,895
844456,3870
844558,212
844558,2479
844558,115
844559,2479
844559,115
844560,212
844560,2479
844560,115
844563,396
844563,3890
844563,304
844563,2855
844563,5296
844563,1759
844563,3416
844564,2479
844564,3217
844568,637
844568,666
844568,212
844568,195
844568,179
844604,604
844604,708
844604,711
844604,3422
844604,4431
844604,4523
844604,2245
844604,3641
844604,3621
844604,1092
844605,1901
844605,604
844605,708
844605,711
844605,3422
844605,4431
844605,4523
844605,2245
844605,3641
844605,4254
844606,1901
844606,604
844606,708
844606,711
844606,3422
844606,4431
844606,4523
844606,2245
844606,4566
844616,3616
844616,3603
844616,3596
844616,3598
844616,4590
844616,2506
844616,3415
844616,2828
844616,707
844619,3422
844619,1190
844619,4431
844619,4523
844619,2245
844619,3641
844619,3027
844619,4659
844619,2254
844634,3689
844634,3736
844634,1093
844634,4254
844635,3628
844635,3603
844635,3596
844635,3598
844635,4590
844635,2506
844635,3415
844635,707
844663,1901
844663,604
844663,708
844663,711
844663,3422
844663,4431
844663,4523
844663,2245
844663,3641
844663,3621
844663,1092
844666,1901
844666,604
844666,708
844666,711
844666,3422
844666,4431
844666,4523
844666,2245
844666,3641
844666,3027
844666,4659
844666,2254
844708,576
844708,2880
844708,565
844708,551
844708,607
844714,1160
844714,212
844714,2479
844714,115
844715,116
844715,5424
844715,1142
844715,665
844716,518
844716,436
844716,2955
844716,3134
844717,469
844717,435
844717,1011
844718,568
844718,1189
844718,935
844718,707
844718,613
844718,4652
844718,637
844718,648
844718,1162
844718,1329
844718,665
844720,396
844720,3890
844720,304
844720,2855
844720,5296
844720,1759
844720,3416
844731,3890
844731,3518
844731,5460
844731,509
844731,3526
844731,2816
844731,665
844739,5409
844739,3130
844739,116
844739,5424
844739,1142
844739,665
844744,665
844745,1160
844750,568
844750,1189
844750,935
844750,707
844750,613
844750,4652
844750,637
844750,648
844750,1329
844750,665
844751,1034
844751,1701
844751,568
844751,1189
844751,935
844751,707
844751,613
844751,4652
844751,637
844751,648
844751,1329
844751,665
844752,1034
844752,1701
844752,568
844752,2117
844752,1189
844752,935
844752,707
844752,613
844752,4652
844752,637
844752,648
844752,1329
844752,665
844753,568
844753,2117
844753,1189
844753,935
844753,707
844753,613
844753,4652
844753,637
844753,648
844753,1329
844753,665
844755,568
844755,1034
844755,1701
844755,1189
844755,935
844755,707
844755,613
844755,4652
844755,637
844755,648
844755,1329
844755,665
844756,568
844756,2117
844756,1189
844756,935
844756,707
844756,613
844756,4652
844756,637
844756,648
844756,1329
844756,665
844757,648
844757,1329
844757,665
844759,4652
844759,637
844759,648
844759,666
844759,212
844759,5296
844759,271
844761,648
844761,666
844761,212
844761,5296
844761,271
844762,648
844762,666
844762,212
844762,5296
844762,271
844762,281
844762,812
844763,648
844763,666
844763,212
844763,5296
844763,271
844763,281
844763,812
844777,128
844779,2880
844779,553
844779,4892
844779,1330
844779,3517
844779,508
844785,2880
844785,553
844785,5425
844785,637
844787,1160
844787,824
844787,651
844787,3517
844787,508
844787,5460
844787,3514
844787,3901
844789,1160
844789,824
844789,651
844789,3517
844789,508
844790,3890
844790,3518
844790,5460
844790,509
844790,3526
844790,2816
844790,665
844792,1160
844792,824
844792,651
844800,644
844808,1125
844808,3762
844808,114
844808,5154
844808,4748
844809,4652
844809,637
844809,648
844809,666
844809,212
844809,5296
844809,271
844809,281
844809,812
844810,3412
844810,3547
844810,5297
844810,1151
844810,305
844810,3891
844810,5432
844814,3412
844814,1306
844814,2863
844814,3900
844814,2527
844816,4652
844816,1819
844816,1330
844816,3517
844816,508
844816,5456
844816,3514
844816,1154
844816,5296
844816,1759
844816,15
844817,1215
844817,481
844817,5458
844817,509
844817,3526
844817,5296
844817,3801
844819,757
844819,1230
844819,3415
844819,2828
844819,707
844819,1819
844819,1312
844819,2028
844819,1330
844819,3517
844819,508
844819,5461
844819,3514
844819,2816
844819,1154
844819,281
844820,1151
844820,494
844820,2815
844820,3518
844820,5456
844820,509
844820,3526
844820,841
844820,2029
844820,1313
844820,1248
844820,708
844820,711
844820,3422
844826,5296
844826,271
844826,281
844826,378
844830,5274
844830,1759
844830,211
844830,240
844831,5424
844831,3412
844831,3547
844831,5297
844831,1151
844831,305
844831,3891
844831,5432
844832,396
844832,3890
844832,304
844832,2855
844836,3134
844844,2855
844844,1142
844847,757
844847,1230
844847,3415
844847,2828
844847,707
844847,1819
844847,1312
844847,2028
844847,1330
844847,3517
844847,508
844847,5461
844847,3514
844847,2816
844847,1154
844847,281
844849,553
844849,4892
844849,1330
844849,3517
844849,508
844860,1534
844860,5310
844860,2033
844860,1472
844860,4899
845045,242
845045,1813
845045,212
845045,3547
845045,5288
845046,2274
845046,3415
845046,2828
845046,707
845046,1819
845046,1289
845046,2028
845046,5167
845046,5155
845046,212
845046,3547
845047,3218
845047,5424
845047,5154
845047,5160
845047,240
845047,30
845047,305
845047,3900
845047,3835
845048,2274
845048,3415
845048,2828
845048,603
845048,4892
845048,1330
845048,2815
845048,3891
845048,2342
845049,1901
845049,613
845049,3895
845050,3899
845050,1819
845050,2815
845050,317
845050,281
845050,3934
845051,509
845051,3526
845051,5388
845051,841
845051,2029
845051,1313
845051,1248
845051,2594
845051,934
845053,5167
845053,5155
845053,115
845056,1901
845056,604
845056,708
845056,711
845056,3421
845056,2305
845056,2871
845059,1233
845059,5459
845059,509
845059,3526
845059,841
845059,1176
845059,5425
845059,576
845059,567
845061,4570
845061,5296
845061,5278
845061,184
845061,179
845061,3222
845061,188
845062,5296
845062,271
845064,4652
845064,637
845069,2855
845070,281
845070,403
845070,378
845076,2899
845076,55
845076,5440
845076,2274
845076,2304
845076,3415
845076,2828
845076,707
845076,603
845076,4892
845076,1330
845076,3517
845076,508
845077,3514
845077,2855
845077,1142
845085,2855
845085,205
845090,1759
845090,1142
845090,5154
845090,5162
845091,5167
845091,5155
845091,212
845091,3547
845093,5154
845093,5160
845093,240
845093,30
845093,305
845093,3900
845093,3835
845103,1892
845103,603
845103,1900
845109,103
845109,1125
845109,3762
845109,114
845109,5154
845109,4748
845120,5297
845120,4571
845120,3517
845120,3518
845122,3802
845122,5297
845122,3517
845122,508
845122,5457
845122,480
845122,2035
845123,5432
845127,637
845128,575
845128,977
845128,2028
845128,1330
845128,3517
845128,5459
845129,864
845129,3890
845129,3518
845129,5460
845135,5296
845135,271
845135,281
845135,3782
845135,378
845135,5466
845236,1541
845236,1551
845236,4684
845236,4572
845243,4652
845243,1892
845243,603
845243,1900
845244,1160
845244,639
845244,3899
845244,1892
845244,604
845244,934
845244,568
845245,3182
845245,2861
845245,1149
845245,1865
845245,5297
845245,1142
845245,824
845245,639
845245,3895
845247,637
845247,666
845247,212
845247,195
845247,179
845248,180
845248,1142
845248,824
845248,638
845251,2276
845251,3415
845252,2899
845252,51
845252,2274
845252,3415
845252,2828
845252,707
845252,603
845252,4892
845253,935
845253,707
845253,611
845253,1819
845253,1312
845253,2028
845253,1330
845253,3517
845253,508
845253,5456
845257,3802
845257,5297
845257,3517
845257,508
845257,5457
845257,480
845257,2035
845261,575
845261,977
845261,2028
845261,1330
845261,3517
845261,5459
845261,927
845265,2274
845265,3415
845265,2828
845265,603
845265,4892
845265,1330
845265,2815
845266,757
845266,3415
845266,2828
845271,242
845271,5167
845271,5155
845271,115
845272,3762
845273,5409
845273,3130
845273,116
845273,5424
845273,1142
845274,116
845274,5424
845274,1142
845279,5296
845279,271
845279,281
845279,378
845279,5466
845287,1901
845287,613
845287,3895
845289,1160
845289,639
845289,3899
845289,1892
845289,604
845289,568
845289,1034
845289,1701
845291,1149
845291,1865
845291,5297
845291,1142
845291,824
845291,639
845291,3895
845292,639
845292,3895
845297,5297
845298,5296
845302,3547
845303,728
845304,647
845304,639
845304,3899
845304,1248
845304,708
845304,711
845304,3421
845304,2305
845306,4652
845310,378
845310,3890
845311,3900
845311,2527
845313,637
845315,2871
845316,5296
845316,271
845316,2863
845317,3514
845317,3526
845317,2816
845317,4570
845317,5296
845318,5274
845319,2899
845319,55
845319,5440
845319,2274
845319,2304
845319,3415
845319,2828
845319,707
845319,603
845319,4892
845319,1330
845319,3517
845319,508
845320,2899
845320,55
845320,2274
845320,2304
845320,3415
845320,2828
845320,707
845320,626
845321,2594
845321,934
845325,5424
845325,2554
845326,5288
845326,271
845326,281
845329,1215
845329,481
845331,757
845331,1230
845331,3415
845331,2828
845331,707
845331,1819
845331,1312
845331,2028
845331,1330
845331,3517
845331,508
845332,757
845332,1230
845332,3421
845332,707
845332,613
845332,637
845333,546
845333,4895
845333,554
845333,2880
845336,2528
845336,481
845336,5457
845336,509
845336,3526
845336,546
845336,4895
845336,554
845337,5462
845337,2855
845338,1233
845338,5459
845338,509
845338,3526
845338,547
845347,760
845347,757
845347,1230
845347,2711
845347,3419
845347,2935
845347,2375
845349,575
845349,1034
845349,1701
845349,595
845379,3812
845379,4400
845379,2665
845379,4280
845379,1934
845379,4278
845379,4754
845379,4287
845407,3891
845407,396
845407,4881
845407,5505
845408,3891
845408,396
845408,5507
845408,4881
845408,5505
845408,4880
845408,4873
845416,1239
845416,281
845416,403
845416,2341
845416,1816
845416,5507
845416,4881
845416,5505
845417,281
845417,403
845417,2341
845417,1816
845417,5507
845417,4881
845417,5505
845428,3689
845428,3736
845428,1093
845428,4254
845428,3617
845428,3603
845428,3596
845428,3598
845428,4590
845428,2506
845428,3415
845428,2828
845428,707
845428,1819
845463,3628
845463,4554
845463,3617
845463,3603
845463,3596
845463,3598
845463,4590
845463,2506
845463,3415
845463,2828
845463,707
845465,4254
845465,3617
845465,3603
845465,3596
845465,3598
845465,4590
845465,2506
845465,3415
845465,2828
845465,707
845465,1819
845466,4254
845466,3617
845466,3603
845466,3596
845466,3598
845466,4590
845466,2506
845466,3415
845466,2828
845466,707
845467,3628
845467,4554
845467,3617
845467,3603
845467,3596
845467,3598
845467,4590
845467,2506
845467,3415
845485,1534
845485,5310
845485,2033
845485,1472
845485,4899
845489,4898
845489,1547
845489,3524
845489,1541
845490,1548
845490,1420
845490,1543
845491,1542
845491,1419
845491,1547
845491,2536
845495,1897
845495,2034
845495,1417
845495,1543
845499,1751
845499,2032
845499,1596
845499,5179
845499,2355
845504,1635
845504,4685
845504,1544
845504,3523
845504,1548
845504,1471
845504,2031
845504,1495
845519,4898
845519,1547
845519,3524
845542,1407
845544,1531
845544,1408
845544,1542
845544,1418
845544,2031
845567,1496
845567,1604
845582,1635
845582,4685
845582,1544
845586,1495
845629,3891
845629,396
845629,4881
845629,5505
845629,4880
845629,4873
845649,3891
845649,396
845649,4881
845649,5505
845655,1239
845655,281
845655,403
845655,2341
845655,1816
845655,5507
845655,4881
845655,5505
845655,4880
845655,4873
845655,4880
845661,1573
845661,1501
845661,1387
845661,4685
845661,2817
845661,1531
845661,1408
845676,2033
845676,1628
845677,2033
845687,2818
845687,4684
845687,1679
845687,1502
845687,1572
845690,3908
845690,3524
845696,616
845696,1248
845696,708
845696,711
845696,3419
845696,2279
845696,4591
845696,3599
845696,3597
845696,4529
845696,5381
845696,1199
845696,3663
845696,1083
845697,1093
845697,4254
845697,4566
845697,2246
845697,3608
845697,4432
845697,3415
845697,2828
845697,707
845697,603
845698,616
845698,1248
845698,708
845698,711
845698,3419
845698,2279
845698,4591
845698,3599
845698,3597
845698,3604
845698,3616
845699,2255
845699,4660
845699,4566
845699,2246
845699,3608
845699,4432
845699,3415
845699,2828
845699,707
845699,603
845700,616
845700,1248
845700,708
845700,711
845700,3419
845700,2279
845700,4591
845700,3599
845700,3597
845700,3604
845700,1086
845700,3632
845700,3621
845700,1092
845701,3420
845701,2782
845701,4566
845701,4256
845701,2115
845702,4255
845702,2934
845702,5429
845702,757
845702,3415
845703,616
845703,1248
845703,708
845703,711
845703,3419
845703,2279
845703,4591
845703,3599
845703,3597
845703,4529
845703,5381
845703,3664
845703,1204
845703,3614
845703,3660
845703,1079
845703,1082
845704,616
845704,1248
845704,708
845704,711
845704,3419
845704,2279
845704,4591
845704,3599
845704,3597
845704,4529
845704,5381
845704,3664
845704,3635
845705,708
845705,711
845705,3419
845705,2279
845705,4591
845705,3599
845705,3597
845705,4529
845705,5381
845705,3664
845705,1204
845705,3614
845705,3660
845705,1079
845705,1082
845707,708
845707,711
845707,3419
845707,2279
845707,4591
845707,3599
845707,3597
845707,4529
845707,5381
845707,3664
845707,3635
845708,708
845708,711
845708,3419
845708,2279
845708,4591
845708,3599
845708,3597
845708,4529
845708,5381
845708,3663
845708,1083
845710,1093
845710,4254
845710,4566
845710,2246
845710,3608
845710,4432
845710,3415
845710,2828
845710,707
845710,603
845711,1093
845711,4254
845711,4566
845711,2246
845711,3608
845711,4432
845711,3415
845711,2828
845711,707
845711,603
845712,1093
845712,4254
845712,4566
845712,2246
845712,3608
845712,4432
845712,3415
845713,4254
845713,4566
845713,2246
845713,3608
845713,4432
845713,3415
845713,2828
845713,707
845713,603
845714,4566
845714,2246
845714,3608
845714,4432
845714,3415
845714,2828
845714,707
845714,603
845715,4566
845715,2246
845715,3608
845715,4432
845715,3415
845715,2828
845715,707
845715,603
845716,1093
845716,4254
845716,4566
845716,2246
845716,3608
845716,4432
845716,3415
845716,2828
845716,707
845716,603
845717,4254
845717,4566
845717,2246
845717,3608
845717,4432
845717,3415
845717,2828
845717,707
845717,603
845719,708
845719,711
845719,3419
845719,2279
845719,4591
845719,3599
845719,3597
845719,3604
845719,3616
845723,1092
845723,2255
845723,4660
845723,4566
845723,2246
845723,3608
845723,4432
845723,3415
845723,2828
845723,707
845723,603
845725,3689
845725,2255
845725,4660
845725,4566
845725,2246
845725,3608
845725,4432
845725,3415
845725,2828
845725,707
845725,603
845726,616
845726,1248
845726,708
845726,711
845726,3419
845726,2279
845726,4591
845726,3599
845726,3597
845726,3604
845726,3616
845726,1086
845726,3632
845726,3621
845726,1092
845728,616
845728,1248
845728,708
845728,711
845728,3419
845728,2279
845728,4591
845728,3599
845728,3597
845728,3604
845728,1086
845728,4555
845728,3629
845729,616
845729,1248
845729,708
845729,711
845729,3419
845729,2279
845729,4591
845729,3599
845729,3597
845729,3604
845729,1086
845729,4555
845729,3629
845730,616
845730,1248
845730,708
845730,711
845730,3419
845730,2279
845730,4591
845730,3599
845730,3597
845730,3604
845730,1086
845730,3632
845730,4254
845732,708
845732,711
845732,3419
845732,2279
845732,4591
845732,3599
845732,3597
845732,3604
845732,1086
845732,4555
845732,3629
845733,3628
845733,4554
845733,3617
845733,3603
845733,3596
845733,3598
845733,4590
845733,2506
845733,3415
845733,2828
845733,707
845733,1819
845735,4553
845735,2245
845735,2934
845735,5429
845735,757
845735,3415
845736,4566
845736,2934
845736,5429
845736,757
845736,3415
845737,4254
845737,2934
845737,5429
845737,757
845737,3415
845738,1093
845738,4254
845738,2934
845738,5429
845738,757
845738,3415
845739,2934
845739,5429
845739,757
845739,3415
845741,3421
845741,728
845741,3720
845741,4596
845741,3668
845741,1979
845741,3669
845741,3706
845741,3709
845741,1081
845741,3064
845741,3672
845741,4422
845745,576
845745,567
845745,4536
845745,2113
845745,4255
845745,3641
845745,4254
845745,3619
845745,1085
845745,3603
845745,3596
845746,3597
845746,3604
845746,1086
845746,3618
845746,4254
845746,4566
845746,4256
845746,2113
845746,4553
845746,568
845746,575
845747,3421
845747,2305
845747,2871
845747,3652
845747,3646
845747,3036
845747,1979
845747,3669
845747,1702
845747,3706
845747,3588
845747,3666
845747,3722
845748,3419
845748,4591
845748,3599
845748,3597
845749,567
845749,4536
845749,2113
845749,4255
845749,3641
845749,4254
845749,3619
845749,1085
845749,3603
845749,3596
845750,3641
845750,4254
845750,3619
845750,1085
845750,3603
845750,3596
845751,3597
845751,3604
845751,1086
845751,3618
845751,4254
845751,4566
845751,4256
845751,2113
845751,4553
845751,568
845751,575
845752,3597
845752,3604
845752,1086
845752,3632
845752,4254
845752,4566
845753,576
845753,567
845753,5384
845753,4536
845753,2113
845753,4255
845753,3641
845753,4254
845753,3619
845753,1085
845753,3603
845753,3596
845757,3901
845757,304
845757,2531
845757,5167
845757,5155
845757,2479
845758,647
845758,639
845758,3899
845758,1248
845758,708
845758,711
845758,3421
845758,2305
845761,3526
845761,2816
845761,4570
845761,5296
845767,3933
845767,2863
845767,316
845767,5487
845767,613
845767,4652
845768,378
845768,864
845768,327
845768,5487
845770,638
845772,242
845772,5167
845772,5155
845772,115
845772,3136
845773,4652
845773,637
845774,3526
845774,4626
845774,4570
845776,5296
845780,3415
845780,2828
845780,707
845780,606
845780,603
845780,1900
845780,4892
845780,2029
845780,1313
845780,637
845780,668
845782,1901
845782,613
845783,3895
845784,4652
845785,1160
845785,639
845785,3899
845785,1892
845785,604
845785,934
845785,1034
845785,1701
845785,567
845786,568
845787,639
845787,3899
845787,1892
845787,604
845787,934
845789,3182
845789,2861
845789,1149
845789,5297
845789,1142
845789,824
845790,3884
845790,3415
845790,2828
845790,707
845791,240
845795,1176
845795,1178
845795,1248
845795,708
845795,711
845795,3421
845795,2305
845795,728
845796,180
845796,1142
845796,824
845796,638
845806,603
845806,4892
845807,509
845807,3526
845807,5388
845807,546
845807,4893
845808,1759
845808,1142
845813,546
845813,613
845813,637
845814,864
845818,509
845818,3526
845820,509
845820,3526
845820,547
845821,1330
845821,5123
845830,644
845830,666
845830,5296
845830,271
845830,281
845830,403
845830,378
845831,4878
845831,4876
845831,4875
845831,5506
845831,1817
845831,2342
845831,1963
845831,2855
845831,1142
845832,575
845832,555
845832,4892
845832,613
845836,4878
845836,4876
845836,4875
845836,5506
845836,1817
845836,2342
845836,1963
845836,2855
845837,4878
845837,4876
845837,4875
845837,5506
845837,1817
845837,2342
845837,1963
845837,2855
845839,638
845839,3124
845839,687
845839,2056
845839,5110
845839,5108
845840,5109
845840,5110
845840,686
845840,3123
845840,636
845842,1782
845842,638
845842,3124
845845,638
845845,3124
845845,687
845845,2056
845845,5110
845845,5108
845845,5405
845846,5109
845846,5110
845846,686
845846,3123
845846,642
845846,636
845847,638
845847,3124
845847,687
845847,2056
845847,5110
845848,686
845848,3123
845848,636
845850,1782
845850,638
845850,3124
845850,4439
845852,1782
845852,638
845852,3124
845852,4439
845852,46
845854,1782
845854,638
845854,3124
845854,4439
845854,4908
845865,3901
845865,952
845865,815
845865,1782
845865,638
845866,2816
845866,952
845866,1782
845866,4894
845866,3517
845869,636
845869,818
845869,3517
845869,508
845869,5460
845869,3514
845869,1000
845869,2342
845870,864
845870,3890
845870,3518
845870,5460
845870,509
845870,3526
845870,2816
845870,1782
845870,638
845871,636
845871,818
845871,3517
845871,508
845871,5460
845871,3514
845871,396
845872,864
845872,3890
845872,3518
845872,5460
845872,509
845872,3526
845872,2816
845872,1782
845872,638
845878,952
845878,1782
845880,26
845880,5423
845899,3901
845899,952
845899,815
845899,1782
845899,638
845901,3901
845901,952
845901,815
845901,1782
845901,638
845903,1782
845903,4894
845903,3517
845904,2816
845904,952
845904,1782
845906,509
845906,3526
845906,546
845906,27
845908,26
845908,1330
845908,3517
845908,508
845909,26
845909,1330
845909,3517
845910,636
845910,818
845910,3517
845910,508
845910,5460
845910,3514
845913,864
845913,3890
845913,3518
845913,5460
845913,509
845913,3526
845913,2816
845913,1782
845913,638
845914,636
845914,818
845914,3517
845914,508
845914,5460
845915,636
845915,818
845915,3517
845915,508
845915,5460
845915,3514
845916,509
845916,3526
845916,2816
845916,1782
845916,638
845917,864
845917,3890
845917,3518
845917,5460
845917,509
845917,3526
845917,2816
845917,1782
845917,638
845918,509
845918,3526
845918,2816
845918,1782
845918,638
845919,3901
845919,315
845919,1782
845919,641
845922,977
845922,1312
845922,1871
845922,1782
845922,637
845929,4652
845929,636
845929,818
845929,656
845929,965
845929,242
845929,5296
845929,271
845930,1149
845930,5297
845930,240
845930,814
845930,1175
845930,1782
845930,639
845930,3899
845931,242
845931,5296
845932,180
845932,5297
845932,240
845935,2880
845935,553
845935,4892
845935,1330
845935,3517
845935,508
845935,5459
845935,3514
845935,242
845935,212
845935,129
845935,1251
845936,3008
845936,891
845936,1138
845936,211
845936,240
845936,5459
845936,509
845936,3526
845936,546
845936,4895
845936,554
845936,2880
845942,636
845942,818
845942,656
845942,965
845942,242
845942,5296
845942,271
845943,636
845943,818
845943,656
845943,965
845943,242
845943,5296
845943,271
845944,1149
845944,5297
845944,240
845944,814
845944,1175
845944,1782
845949,242
845949,5296
845949,2492
845950,2869
845950,5297
845950,240
845951,242
845951,5296
845953,180
845953,5297
845953,240
845958,1138
845958,3412
845958,211
845958,240
845960,26
845960,1330
845960,3517
845960,508
845960,5458
845960,3514
845960,242
845960,212
845960,2579
845960,3416
845964,3008
845964,891
845964,1138
845964,211
845964,240
845964,3518
845971,1751
845971,1868
845974,1548
845974,1420
845974,1581
845974,1502
845974,1572
845975,1573
845975,1501
845975,1580
845975,1419
845975,1547
845975,2536
845978,4896
845978,1470
845978,1420
845978,1581
845978,1502
845978,1572
845979,1573
845979,1501
845979,1580
845979,1419
845979,1471
845979,4899
845980,1629
845980,4896
845980,1420
845980,1581
845980,1502
845980,2355
845981,2356
845981,1501
845981,1580
845981,1419
845981,4897
845981,1628
845982,4896
845982,1420
845982,1581
845982,4572
845983,4573
845983,1580
845983,1419
845983,4897
845993,1751
845993,1868
845994,1868
846002,1573
846002,1501
846002,1580
846002,1616
846002,1533
846006,2741
846006,1581
846006,1502
846006,1572
846008,1534
846008,1581
846008,1502
846008,1572
846009,1542
846010,1751
846022,1868
846023,2820
846023,5310
846023,1868
846031,1868
846038,1573
846038,1501
846038,1580
846038,1533
846040,1573
846040,1501
846040,1580
846040,2742
846044,1534
846044,1581
846044,1502
846044,1572
846050,1629
846053,2356
846053,1501
846053,1580
846055,1534
846055,1581
846055,1502
846055,2355
846056,1581
846056,1502
846056,2355
846062,3522
846062,1581
846062,4572
846066,3384
846066,1581
846066,4572
846068,1586
846077,4898
846077,1547
846077,3902
846079,1586
846079,1868
846080,3908
846080,1548
846080,4897
846080,1868
846084,4898
846084,1547
846084,3902
846086,1629
846086,2031
846088,1496
846088,1604
846090,2033
846090,1628
846099,2820
846099,4684
846099,1679
846099,1502
846099,1572
846111,1573
846111,5180
846111,5115
846111,3383
846116,3384
846116,5114
846116,5179
846116,1572
846156,5340
846156,1169
846156,5109
846156,1318
846156,642
846156,639
846156,1248
846157,3123
846157,636
846158,46
846158,4647
846158,636
846158,3536
846158,4699
846159,5366
846159,5340
846159,1169
846159,5109
846159,1318
846159,642
846159,639
846159,1248
846160,4728
846160,4521
846160,3123
846160,636
846161,46
846161,4521
846161,3123
846161,636
846162,4521
846162,3123
846162,636
846164,46
846164,4647
846164,636
846277,469
846277,435
846277,1011
846277,547
846279,469
846279,27
846280,26
846280,887
846280,3134
846281,27
846282,639
846282,3899
846282,1892
846282,604
846282,934
846285,1249
846285,27
846289,5274
846289,1759
846289,211
846289,240
846297,4652
846297,636
846297,818
846297,656
846297,965
846297,242
846297,5296
846297,271
846297,5439
846304,1249
846304,27
846305,26
846312,1249
846312,27
846313,1249
846314,26
846316,4628
846317,5296
846317,5278
846317,179
846317,3222
846317,188
846319,187
846319,3221
846319,180
846319,5297
846320,27
846425,637
846425,648
846425,656
846425,965
846425,1330
846425,3517
846425,480
846426,481
846426,3526
846426,1175
846426,638
846427,3526
846427,546
846427,1248
846427,711
846427,3420
846428,757
846428,3415
846428,2828
846428,1819
846428,1330
846428,3517
846443,648
846443,656
846443,965
846443,1330
846443,3517
846443,480
846444,481
846444,3526
846444,1175
846446,3526
846446,546
846446,1248
846446,711
846446,3420
846447,757
846447,3415
846447,2828
846447,1819
846447,1330
846447,3517
846448,1819
846448,1330
846448,3517
846449,1819
846449,1330
846450,26
846450,1011
846450,1330
846450,3517
846451,3526
846451,546
846451,613
846465,1160
846465,212
846465,2479
846465,115
846465,3130
846465,5408
846466,212
846466,2479
846466,115
846466,3130
846466,5408
846467,212
846467,2479
846467,115
846467,3130
846467,5408
846468,5409
846468,3130
846468,116
846468,5424
846468,1142
846507,1396
846507,1750
846508,4896
846508,1470
846508,1547
846508,3524
846508,2820
846509,1497
846509,2818
846509,3523
846509,1548
846509,1471
846509,4899
846510,1396
846510,2034
846510,4250
846510,1637
846510,5437
846510,1397
846511,1398
846511,3522
846511,2348
846511,5310
846511,2031
846511,1868
846512,1398
846512,3522
846512,1548
846512,1471
846512,1628
846513,1629
846513,1470
846513,1547
846513,1397
846514,1355
846514,1582
846514,1578
846514,1544
846514,1397
846515,1586
846515,1396
846515,4898
846515,1547
846515,3902
846516,3908
846516,1548
846516,4897
846516,1869
846516,1587
846517,1629
846517,2034
846517,1417
846517,3383
846517,2817
846517,1496
846517,1604
846518,1603
846518,1497
846518,2818
846518,3384
846518,1418
846518,2033
846518,1628
846524,1573
846524,1501
846524,1580
846524,1544
846524,3523
846524,3902
846525,3908
846525,3524
846525,1541
846525,1581
846525,1502
846525,1572
846526,1897
846526,2033
846526,1470
846526,1547
846526,3524
846526,1541
846526,4684
846526,4572
846527,1573
846527,5180
846527,1583
846527,1396
846527,1495
846528,1897
846528,1869
846528,1582
846528,5179
846528,1572
846533,4896
846533,1473
846534,1472
846534,4899
846537,1548
846537,1420
846537,5114
846538,1548
846538,1420
846538,1543
846540,1573
846540,1501
846540,1580
846540,1419
846540,1547
846541,1541
846541,1419
846541,1547
846541,2536
846542,2032
846542,4250
846542,1581
846542,1502
846542,1572
846543,2032
846543,4250
846543,1419
846543,1547
846543,2536
846544,1548
846544,1420
846544,1581
846544,1502
846544,1572
846546,1542
846546,5114
846546,1583
846548,1750
846549,1548
846549,1420
846549,1543
846552,1542
846553,1542
846553,1418
846553,2031
846554,1541
846554,1419
846554,1547
846554,2536
846555,1680
846555,4250
846555,1419
846555,1547
846555,2536
846557,1497
846557,2818
846557,5310
846560,1680
846560,4250
846560,2817
846560,1496
846560,1604
846562,1396
846562,2034
846562,4250
846562,1637
846562,5437
846563,3908
846563,1398
846563,3522
846563,2348
846563,5310
846563,2031
846563,1868
846565,1398
846565,3522
846565,1548
846565,1471
846565,2031
846567,1629
846567,1470
846567,1547
846567,1397
846571,4896
846571,1470
846571,1420
846571,3383
846573,4896
846573,1470
846573,1420
846573,3383
846580,3384
846580,1419
846580,1471
846580,4899
846581,1897
846581,2034
846581,1417
846581,1565
846582,1680
846582,4250
846582,1543
846584,2356
846584,1501
846584,1580
846584,5310
846585,1629
846585,4896
846585,1420
846585,1543
846587,2034
846587,1417
846587,1581
846587,1502
846587,2355
846588,4573
846588,1580
846588,1459
846589,4573
846589,1580
846589,3383
846590,4573
846590,1580
846590,3383
846591,4896
846591,1547
846592,4896
846592,1547
846597,1582
846597,1578
846597,1544
846597,1407
846597,1532
846598,1587
846599,1398
846599,1541
846599,1579
846599,1583
846600,1355
846600,1586
846601,1355
846601,1582
846601,1578
846601,1544
846601,1397
846603,1582
846603,1578
846603,1544
846603,1397
846604,1587
846612,2818
846612,3384
846612,1418
846612,2033
846612,1628
846614,2356
846614,5180
846614,1595
846614,1614
846615,1564
846615,1615
846615,1596
846615,5179
846615,2355
846616,2356
846616,5180
846616,1578
846616,1565
846617,1564
846617,1579
846617,5179
846617,2355
846619,1573
846619,1501
846619,1387
846619,4685
846619,1534
846619,5310
846620,2032
846620,4250
846620,1581
846620,1502
846620,1572
846622,2356
846622,1501
846622,1580
846622,1544
846623,1541
846623,1581
846623,1502
846623,2355
846624,1573
846624,1501
846624,1580
846624,1544
846624,1397
846625,1573
846625,1501
846625,1580
846625,1389
846626,1573
846626,1501
846626,1580
846626,1544
846627,3908
846627,3524
846627,1541
846627,1579
846627,1389
846629,1541
846629,1581
846629,1502
846629,1572
846630,1635
846630,4685
846630,1544
846630,3523
846630,1548
846630,1471
846630,2031
846633,1897
846633,2033
846633,1470
846633,1547
846633,3524
846634,1897
846634,2033
846634,1470
846634,1547
846634,3524
846635,1897
846635,2033
846635,1470
846635,1547
846635,3524
846636,3523
846636,1548
846636,1471
846636,2031
846636,1495
846638,1897
846638,1869
846638,1582
846638,5115
846638,3383
846639,3384
846639,5114
846639,1583
846639,1396
846639,1495
846640,148
846640,1705
846679,2714
846679,1704
846679,149
846680,2714
846680,1704
846680,149
846680,912
846681,148
846681,1705
846682,148
846682,1705
846682,4144
846682,3889
846683,3889
846684,153
846684,148
846684,1705
846685,153
846685,148
846685,1705
846685,4144
846685,3889
846686,3888
846686,1705
846687,1015
846687,3888
846687,1705
846688,1015
846688,3888
846688,1705
846689,1015
846689,3888
846689,1705
846695,1704
846695,149
846695,153
846731,83
846731,2482
846731,73
846731,3467
846731,2839
846732,2838
846732,3476
846732,74
846732,1025
846733,148
846733,1705
846734,153
846734,148
846738,83
846738,2482
846738,73
846738,3467
846738,2839
846738,3994
846739,83
846739,2482
846739,73
846740,2838
846740,3476
846740,74
846740,1025
846741,2838
846741,3476
846741,74
846741,1025
846742,2838
846742,3476
846742,74
846742,1025
846743,3995
846743,2838
846743,3476
846743,74
846743,1025
846744,3995
846744,2838
846744,3476
846744,74
846744,1025
846746,3995
846746,2838
846746,3476
846746,74
846746,1025
846747,74
846747,1025
846748,74
846748,1025
846749,74
846749,1025
846750,74
846750,1025
846751,992
846751,1705
846752,992
846752,1705
846753,3871
846753,992
846753,1705
846754,3871
846754,992
846757,3871
846757,992
846757,1015
846757,3888
846757,1705
846758,3871
846758,992
846758,1015
846758,3888
846758,1705
846761,4248
846761,2040
846761,1015
846761,3888
846761,1705
846763,4248
846763,2040
846763,1015
846763,3888
846763,1705
846764,4248
846764,2040
846764,1015
846764,3888
846764,1705
846765,4248
846765,2040
846765,1015
846765,3888
846766,3977
846766,992
846766,1015
846766,3888
846766,1705
846767,3973
846767,3977
846767,992
846767,1705
846769,3973
846769,3977
846769,992
846769,1705
846772,3973
846772,3977
846772,992
846772,1015
846772,3888
846772,1705
846775,3514
846775,508
846775,480
846775,347
846775,2666
846775,4389
846775,4825
846775,2010
846775,4738
846776,2528
846776,2036
846776,353
846776,4284
846776,4286
846776,4291
846776,4301
846776,4276
846776,4275
846777,4288
846777,4300
846777,4754
846777,4285
846777,4283
846777,1217
846777,357
846777,2527
846778,4747
846778,4460
846778,4114
846778,4457
846778,3410
846779,180
846779,5476
846780,4291
846780,4277
846780,1933
846780,4279
846780,2666
846780,4401
846780,3813
846780,335
846781,376
846781,1817
846782,812
846782,3861
846782,4458
846782,4434
846782,4463
846783,4288
846783,4300
846783,4754
846783,4285
846783,4283
846783,1217
846783,357
846783,2527
846784,4285
846784,4283
846784,1217
846784,357
846784,2527
846785,3812
846785,4400
846785,2665
846785,4280
846785,1934
846785,4278
846785,4754
846785,4287
846785,4288
846786,4276
846786,4291
846786,4277
846786,1933
846786,4279
846786,2666
846786,4401
846786,3813
846786,335
846787,4277
846787,1933
846787,4279
846787,2666
846787,4401
846787,3813
846787,335
846788,4492
846788,4429
846788,4479
846788,5455
846788,1865
846788,5274
846789,33
846789,4663
846789,538
846789,3272
846789,3370
846790,4492
846790,4745
846790,4429
846790,4479
846790,4633
846790,271
846790,3757
846791,539
846791,4664
846791,838
846948,26
846948,5423
846949,115
846949,1139
846949,4803
846949,799
846949,1025
846950,91
846950,798
846950,4804
846950,114
846951,242
846951,212
846951,2479
846951,115
846951,1025
846951,3077
846952,3076
846952,1125
846952,116
846952,5424
846952,211
846952,4748
846953,4652
846953,637
846953,668
846953,2172
846954,639
846954,3899
846955,3077
846955,180
846955,5476
846955,5288
846955,271
846955,281
846955,3782
846955,378
846956,2342
846956,3781
846956,2861
846956,1149
846956,5274
846956,5475
846956,179
846956,3076
846957,3517
846957,3518
846957,1218
846957,3894
846957,4138
846957,4123
846958,4125
846958,4137
846958,4122
846958,3906
846958,3514
846958,3519
846959,642
846959,636
846959,1312
846959,1176
846959,4893
846959,1901
846959,604
846959,605
846959,708
846959,711
846959,3421
846960,3415
846960,2828
846960,707
846960,606
846960,603
846960,1900
846960,4892
846960,1289
846960,2029
846960,1313
846960,637
846960,668
846960,2172
846960,675
846961,26
846961,5423
846961,3906
846961,319
846961,2855
846961,5296
846962,5297
846962,1306
846962,1151
846962,318
846962,3892
846962,1249
846962,27
846963,1963
846963,2863
846963,316
846963,3518
846963,1249
846963,887
846963,3134
846964,3134
846964,468
846964,5423
846964,3514
846964,317
846964,281
846964,403
846965,378
846965,3890
846965,480
846965,3134
846966,3134
846966,481
846966,3891
846966,2341
846967,26
846967,5125
846967,3906
846967,319
846967,2855
846967,5296
846968,5297
846968,1151
846968,318
846968,3892
846968,27
846969,2528
846969,3901
846969,2855
846969,1174
846969,3416
846969,116
846970,2528
846970,481
846970,3891
846970,3933
846970,3182
846970,2855
846970,1174
846970,1142
846970,2172
846970,675
846970,5108
846971,5109
846971,212
846971,1306
846971,281
846971,1962
846971,3934
846971,3890
846971,480
846971,2527
846972,636
846972,818
846972,964
846972,5469
846972,493
846972,494
846972,3900
846972,3835
846973,553
846973,4894
846973,5123
846973,3517
846973,480
846973,2527
846974,2331
846974,2528
846974,481
846974,3526
846974,4895
846974,554
846975,3893
846975,481
846975,3526
846975,4895
846975,554
846976,553
846976,4894
846976,5123
846976,3517
846976,480
846976,3894
846977,3008
846977,891
846977,1138
846977,3412
846977,211
846977,240
846977,3518
846977,5458
846977,509
846977,3526
846977,546
846977,27
846978,26
846978,1330
846978,3517
846978,508
846978,5458
846978,3514
846978,242
846978,212
846978,2579
846978,3416
846978,1251
846978,2999
846979,509
846979,3526
846979,841
846979,2029
846979,1313
846979,637
846979,5467
846980,1312
846980,2028
846980,3517
846980,508
846980,5456
846981,5424
846981,5154
846981,240
846981,1330
846981,3517
846981,508
846981,5461
846981,3892
846981,1249
846981,3134
846982,469
846982,468
846982,5423
846982,3906
846982,5458
846982,3526
846982,547
846982,242
846982,5155
846982,2479
846983,977
846983,818
846983,5469
846984,553
846984,4892
846984,1330
846984,3517
846984,508
846984,5457
846984,480
846984,2527
846985,2528
846985,481
846985,5457
846985,509
846985,3526
846985,546
846985,4895
846985,554
846986,4878
846986,4876
846986,4875
846986,5506
846986,864
846990,115
846990,1139
846990,4803
846990,799
846990,1025
846991,91
846991,798
846991,4804
846991,114
846993,3076
846993,1125
846993,116
846993,5424
846993,211
846993,4748
846994,3076
846994,1125
846994,116
846994,5424
846996,3076
846997,3076
846997,1125
846997,116
846997,5424
846997,211
846997,4748
846998,3076
846998,1125
846998,116
846998,5424
846999,242
846999,212
846999,2479
846999,115
846999,1025
846999,3077
847000,2479
847000,115
847000,1025
847000,3077
847005,637
847005,668
847005,2172
847006,2172
847007,4652
847007,637
847007,668
847007,2172
847007,5405
847008,5405
847008,639
847008,3899
847009,3077
847009,180
847009,5476
847009,5288
847009,271
847009,281
847009,3782
847009,378
847010,3077
847010,180
847010,5476
847010,5297
847011,2342
847011,3781
847011,2861
847011,1149
847011,5274
847011,5475
847011,179
847011,3076
847012,3900
847012,3892
847012,27
847013,26
847013,3893
847013,3901
847013,281
847013,812
847013,403
847013,3782
847013,378
847013,388
847014,3077
847014,180
847014,5476
847014,5288
847014,271
847014,281
847014,378
847015,3077
847015,180
847015,5476
847015,5288
847015,271
847015,281
847015,378
847016,2342
847016,2861
847016,1149
847016,5274
847016,5475
847016,179
847016,3076
847017,3077
847017,180
847017,5476
847017,5288
847017,271
847017,281
847017,378
847018,2861
847018,1149
847018,5274
847018,5475
847018,179
847018,3076
847019,5466
847019,2342
847019,2861
847019,1149
847019,5274
847019,5475
847019,179
847019,3076
847020,3077
847020,180
847020,5476
847020,5288
847020,271
847020,281
847020,3782
847020,378
847020,5466
847021,3077
847021,180
847021,5476
847021,5288
847021,271
847021,281
847021,378
847021,5466
847022,5466
847022,2342
847022,3781
847022,2861
847022,1149
847022,5274
847022,5475
847022,179
847022,3076
847023,5466
847023,2342
847023,2861
847023,1149
847023,5274
847023,5475
847023,179
847023,3076
847024,5274
847024,5475
847024,179
847024,3076
847025,3517
847025,3518
847025,1218
847025,3894
847025,4138
847025,4123
847025,4375
847026,4376
847026,4125
847026,4137
847026,4122
847026,3906
847026,3514
847026,3519
847028,4376
847028,4125
847028,4137
847028,4122
847028,3906
847028,3514
847028,3519
847028,547
847029,4125
847029,4137
847029,4122
847029,3906
847029,3514
847029,3519
847029,547
847030,4125
847030,4137
847030,4122
847030,3892
847030,27
847031,4125
847031,4137
847031,4122
847031,3906
847031,3514
847031,3519
847031,546
847031,856
847031,27
847032,4376
847032,4125
847032,4137
847032,4122
847032,3906
847032,3514
847032,3519
847032,546
847032,856
847032,27
847033,3517
847033,3518
847033,1218
847033,3894
847033,4138
847033,4123
847034,26
847034,3894
847034,4138
847034,4123
847035,26
847035,3906
847035,3514
847035,3519
847036,3517
847036,3518
847036,1218
847036,3894
847036,4138
847036,4123
847036,4375
847037,642
847037,636
847037,1312
847037,1176
847037,4893
847037,1901
847037,604
847037,605
847037,708
847037,711
847037,3421
847039,642
847039,636
847039,1312
847039,1176
847041,2172
847041,675
847042,637
847042,2172
847042,675
847043,3892
847043,27
847044,26
847044,3906
847045,818
847045,964
847045,5469
847047,1151
847047,318
847047,3892
847047,1249
847047,27
847049,26
847049,5423
847049,3906
847049,319
847050,1963
847050,2863
847050,316
847050,3518
847050,1249
847050,887
847050,3134
847052,5439
847052,1963
847052,2863
847052,316
847052,3518
847052,3892
847052,1249
847052,887
847052,3134
847055,3134
847055,468
847055,5423
847055,3514
847055,317
847055,281
847055,403
847055,3256
847056,3134
847056,468
847056,5423
847056,3514
847056,317
847056,281
847056,403
847056,5439
847057,3134
847057,468
847057,5423
847057,3514
847057,317
847057,281
847057,403
847057,5439
847057,3256
847060,469
847060,468
847060,5423
847060,3514
847060,317
847060,281
847060,403
847060,3256
847062,469
847062,468
847062,5423
847062,3514
847062,317
847062,281
847062,403
847062,5439
847062,3256
847063,26
847063,3893
847064,2863
847064,3900
847064,3892
847064,27
847065,378
847065,3890
847065,480
847065,3134
847066,3134
847066,481
847066,3891
847066,2341
847067,378
847067,3890
847067,480
847067,3134
847068,3134
847068,481
847068,3891
847068,2341
847069,378
847069,3890
847069,480
847069,3134
847070,3134
847070,481
847070,3891
847070,2341
847071,3134
847071,481
847071,3891
847071,2342
847072,378
847072,3890
847072,480
847072,3134
847073,2955
847073,3134
847074,1151
847074,318
847074,3892
847074,27
847075,1151
847075,318
847075,3892
847075,27
847076,1151
847076,318
847076,3892
847076,27
847079,26
847079,5125
847079,3906
847079,319
847080,26
847080,5125
847080,3906
847080,319
847081,26
847081,5125
847081,3906
847081,319
847083,2528
847083,481
847085,2855
847085,1174
847085,1142
847085,2172
847085,675
847085,5108
847086,5109
847089,2172
847089,675
847089,5108
847091,636
847091,818
847091,964
847091,5469
847091,493
847091,494
847091,3900
847091,3835
847092,603
847092,4894
847092,5123
847092,3517
847092,480
847092,2527
847094,4125
847094,4137
847094,4122
847094,1249
847094,27
847095,26
847095,5423
847095,4138
847095,4123
847096,5123
847096,3517
847096,480
847096,3894
847097,603
847097,4894
847097,5123
847097,3517
847097,480
847097,3894
847098,3893
847098,481
847098,3526
847099,26
847099,5423
847100,3008
847100,891
847100,1138
847100,3412
847100,211
847100,240
847100,3518
847101,3008
847101,891
847101,1138
847101,3412
847101,211
847101,240
847101,3518
847102,3514
847102,242
847102,212
847102,2579
847102,3416
847102,1251
847102,2999
847103,509
847103,3526
847103,841
847103,2029
847103,1313
847103,637
847104,1312
847104,2028
847104,3517
847104,508
847104,5456
847107,3892
847107,1249
847107,3134
847110,469
847110,468
847110,5423
847110,3906
847110,5458
847110,3526
847110,547
847110,242
847110,5155
847111,3906
847111,5458
847111,3526
847111,547
847111,242
847111,5155
847111,2479
847113,469
847113,468
847113,5423
847113,3906
847113,509
847113,3526
847113,547
847114,3134
847114,468
847114,5423
847114,3906
847114,5458
847114,3526
847114,547
847114,242
847114,5155
847114,2479
847118,977
847118,818
847118,5469
847119,818
847119,5469
847122,2528
847122,481
847122,509
847122,3526
847122,547
847123,4878
847123,4876
847123,4875
847123,5506
847123,864
847124,4878
847124,4876
847124,4875
847124,5506
847124,864
847124,3890
847124,3526
847124,547
847125,4878
847125,4876
847125,4875
847125,5506
847125,864
847125,3890
847125,3526
847125,547
847127,4878
847127,4876
847127,4875
847127,5506
847127,864
847141,3794
847141,4137
847141,5224
847141,5223
847141,5220
847141,5219
847142,5218
847142,5221
847142,5222
847142,4051
847142,4123
847142,3795
847143,2356
847143,5180
847143,1595
847143,1614
847143,1534
847143,5437
847143,1397
847143,3907
847144,3908
847144,1398
847144,3522
847144,1533
847144,1615
847144,1596
847144,5179
847144,2355
847145,1407
847145,1532
847145,2818
847145,4684
847145,1679
847145,1502
847145,1572
847146,2356
847146,1501
847146,1580
847146,1544
847146,1397
847146,3907
847147,3908
847147,1398
847147,1541
847147,1581
847147,1502
847147,2355
847148,1750
847150,1750
847151,4899
847152,4896
847152,1470
847152,1547
847152,3524
847152,2820
847153,1541
847153,1419
847153,1547
847153,2536
847154,4250
847154,1581
847154,1502
847154,1572
847155,1541
847155,1419
847155,1547
847155,2536
847156,1548
847156,1420
847156,1581
847156,1502
847156,1572
847157,1573
847157,1501
847157,1580
847157,1419
847157,1547
847158,1548
847158,1420
847158,1543
847159,1541
847161,1582
847161,5115
847161,1543
847162,1419
847162,1547
847162,2536
847163,1680
847163,4250
847163,1543
847164,1541
847164,1419
847164,1547
847164,2536
847165,1548
847165,1420
847165,1543
847166,1548
847166,1420
847166,5114
847167,1897
847169,1603
847169,1497
847169,2818
847169,5310
847169,1868
847170,3902
847171,2034
847171,4250
847171,1637
847171,5437
847171,1397
847171,3902
847172,2348
847172,5310
847172,2031
847172,1868
847173,1680
847173,1396
847174,1628
847175,1398
847175,3522
847175,1548
847175,1471
847175,1628
847176,2033
847176,1628
847177,2033
847177,1470
847177,1547
847177,1397
847179,1629
847179,2031
847180,4899
847181,3384
847181,1419
847181,1471
847181,4899
847182,1502
847182,1572
847183,2032
847183,4250
847183,1581
847183,1502
847183,1572
847184,1472
847184,4899
847185,1573
847185,1501
847185,1580
847185,5310
847186,4896
847186,1473
847187,1541
847187,1418
847187,2031
847189,1897
847190,1581
847190,1502
847190,2355
847191,2034
847191,1417
847191,1581
847191,4572
847192,3523
847192,1548
847192,4897
847194,1398
847194,1541
847194,1579
847194,1583
847195,1578
847195,1544
847196,1398
847197,3908
847197,1548
847197,4897
847197,1869
847198,1548
847198,4897
847198,1869
847198,1587
847199,1548
847199,4897
847199,1869
847199,1587
847200,1586
847200,1396
847200,4898
847200,1547
847201,1586
847201,1396
847201,4898
847201,1547
847201,3524
847202,3908
847203,1869
847203,1587
847204,3902
847205,3523
847205,1548
847205,4897
847205,1869
847205,1587
847206,1628
847207,3384
847207,1418
847207,2033
847207,1628
847208,1629
847208,2034
847208,1417
847208,3383
847208,2817
847209,1603
847209,1497
847209,2818
847209,3384
847209,1418
847209,2031
847210,2034
847210,1417
847210,3383
847210,2817
847210,1496
847210,1604
847211,3908
847211,1398
847212,1397
847212,3907
847213,1532
847213,2818
847213,4684
847213,1679
847213,1502
847213,1572
847214,1502
847214,1572
847215,1531
847215,1408
847216,1573
847216,1501
847216,1387
847216,4685
847216,2817
847217,1407
847217,1532
847217,2818
847217,1534
847218,3908
847218,1398
847219,1397
847219,3907
847220,1502
847220,1572
847221,3902
847222,2032
847222,1596
847222,1581
847222,1502
847222,1572
847223,2032
847223,1596
847223,1578
847223,1544
847223,3523
847223,3902
847224,1897
847225,1897
847226,3522
847226,1548
847226,1471
847226,2031
847226,1495
